arena 20000
start -815 185 0

enemy boss -692.027 -2466.24 0 gun:heavy:spread=yes




field 1849606968 90 41
paint 2455 -690 600
paint 2295 -830 600
paint 2090 -970 600
paint 1865 -1155 600
paint 1575 -1385 600
paint 1315 -1555 600
paint 1030 -1710 600
paint 795 -1840 600
paint 450 -1965 600
paint 185 -2045 600
paint -50 -2095 600
paint -315 -2130 600
paint -560 -2145 600
paint -790 -2120 600
paint -1095 -2070 600
paint -1260 -1855 600
paint -1295 -1630 600
paint -1115 -1475 600
paint -870 -1555 600
paint -635 -1675 600
paint -330 -1650 600
paint -10 -1550 600
paint 395 -1390 600
paint 645 -1260 600
paint 895 -1045 600
paint 1045 -895 600
paint 750 -760 600
paint 315 -845 600
paint 95 -915 600
paint -420 -1075 600
paint -740 -1180 600
paint -950 -1245 600
paint -1315 -1350 600
paint -1515 -1225 600
paint -1630 -1005 600
paint -1515 -780 600
paint -1330 -625 600
paint -1105 -490 600
paint -910 -380 600
paint -655 -285 600
paint -240 -180 600
paint 155 -165 600
paint 395 -135 600
paint 810 -65 600
paint 1185 5 600
paint 1440 120 600
paint 1630 235 600
paint 1870 430 600
paint 2060 605 600
paint 2115 830 600
paint 2030 1125 600
paint 2095 1335 600
paint 2340 1385 600
paint 2685 1350 600
paint 2995 1290 600
paint 3335 1180 600
paint 3905 960 600
paint 4205 835 600
paint 4495 700 600
paint 4770 550 600
paint 5140 285 600
paint 4700 -125 600
paint 4500 -275 600
paint 4275 -450 600
paint 3940 -665 600
paint 3585 -715 600
paint 3365 -565 600
paint 3275 -370 600
paint 3205 -125 600
paint 3200 180 600
paint 2920 295 600
paint 2595 175 600
paint 2125 -20 600
paint 1710 -165 600
paint 1485 -235 600
paint 1265 -295 600
paint 1095 -485 600
paint 1590 -445 600
paint 1820 -350 600
paint 2080 -235 600
paint 2340 -115 600
paint 2670 40 600
paint 2860 130 600
paint 3220 285 600
paint 3440 330 600
paint 3615 105 600
paint 3780 -40 600
paint 3880 -380 600
paint 3790 -735 600
paint 3645 -1055 600
paint 3525 -1265 600
paint 3420 -1505 600
paint 3430 -1730 600
paint 3530 -1960 600
paint 3565 -2175 600
paint 3470 -2370 600
paint 3560 -2070 600
paint 3740 -1840 600
paint 3835 -2250 600
paint 3920 -2035 600
paint 3990 -1780 600
paint 4030 -1570 600
paint 4085 -1350 600
paint 4175 -1065 600
erase -166.219 -1065.14 600
erase -316.219 -1255.14 600
erase -481.219 -1440.14 600
erase -671.219 -1615.14 600
erase -956.219 -1495.14 600
erase -1136.22 -1350.14 600
erase -1346.22 -1125.14 600
erase -1486.22 -1360.14 600
erase -1646.22 -1560.14 600
erase -1781.22 -1725.14 600
erase -1951.22 -1860.14 600
erase -1746.22 -2075.14 600
erase -1446.22 -2285.14 600
erase -1231.22 -2450.14 600
erase -991.219 -2420.14 600
erase -776.219 -2355.14 600
erase -526.219 -2260.14 600
erase -751.219 -2135.14 600
erase -976.219 -2005.14 600
erase -1186.22 -1860.14 600
erase -1421.22 -1695.14 600
erase -1781.22 -1455.14 600
erase -2086.22 -1175.14 600
erase -2146.22 -945.136 600
erase -2011.22 -780.136 600
erase -1741.22 -600.136 600
erase -1521.22 -465.136 600
erase -1336.22 -350.136 600
erase -1136.22 -245.136 600
erase -921.219 -315.136 600
erase -596.219 -375.136 600
erase -241.219 -415.136 600
erase 118.781 -560.136 600
erase 308.781 -800.136 600
erase 273.781 -1215.14 600
erase 163.781 -1435.14 600
erase -21.2188 -1780.14 600
erase -116.219 -1980.14 600
erase 73.7812 -2140.14 600
erase 463.781 -2120.14 600
erase 678.781 -2120.14 600
erase 903.781 -2140.14 600
erase 1028.78 -1960.14 600
erase 1103.78 -1705.14 600
erase 1123.78 -1490.14 600
erase 1003.78 -1230.14 600
erase 803.781 -1030.14 600
erase 458.781 -715.136 600
erase 188.781 -465.136 600
erase -36.2188 -270.136 600
erase -246.219 -105.136 600
erase -411.219 24.8635 600
erase -581.219 194.864 600
erase -396.219 309.864 600
erase -86.2188 334.864 600
erase 218.781 334.864 600
erase 518.781 294.864 600
erase 838.781 229.864 600
erase 1148.78 124.864 600
erase 1438.78 -25.1365 600
erase 1648.78 -205.136 600
erase 1583.78 -405.136 600
erase 1163.78 -570.136 600
erase 773.781 -630.136 600
erase 1333.78 -820.136 600
erase 1628.78 -935.136 600
erase 2103.78 -1125.14 600
erase 2383.78 -1240.14 600
erase 2663.78 -1335.14 600
erase 2628.78 -860.136 600
erase 2538.78 -590.136 600
erase 2438.78 -355.136 600
erase 2223.78 -50.1365 600
erase 1893.78 329.864 600
erase 2073.78 534.864 600
erase 2388.78 629.864 600
erase 2598.78 669.864 600
erase 2808.78 694.864 600
erase 2448.78 839.864 600
erase 2158.78 914.864 600
erase 1718.78 1084.86 600
erase 2173.78 1249.86 600
erase 2483.78 1254.86 600
erase 2798.78 1264.86 600
erase 2488.78 1339.86 600
erase 2058.78 1424.86 600
erase 1803.78 1504.86 600
erase 1668.78 1679.86 600
erase 2008.78 1794.86 600
erase 2278.78 1854.86 600
erase 2558.78 1909.86 600
erase 2768.78 1934.86 600
erase 3123.78 1604.86 600
erase 3288.78 1339.86 600
erase 3448.78 1054.86 600
erase 3603.78 699.864 600
erase 3723.78 284.864 600
erase 3753.78 14.8635 600
erase 3798.78 -380.136 600
erase 3883.78 -665.136 600
erase 3913.78 -930.136 600
erase 3873.78 -1270.14 600
erase 3768.78 -1510.14 600
erase 3668.78 -1735.14 600
erase 3643.78 -1995.14 600
erase 3653.78 -2250.14 600
erase 3553.78 -2435.14 600
erase 3173.78 -2425.14 600
erase 2888.78 -2370.14 600
erase 2538.78 -2315.14 600
erase 2113.78 -2260.14 600
erase 1783.78 -2200.14 600
erase 1553.78 -2110.14 600
erase 1378.78 -1930.14 600
erase 1563.78 -1595.14 600
erase 1823.78 -1440.14 600
erase 2078.78 -1325.14 600
erase 2348.78 -1215.14 600
erase 2598.78 -1100.14 600
erase 3073.78 -875.136 600
erase 3393.78 -715.136 600
erase 3668.78 -550.136 600
erase 3948.78 -300.136 600
erase 3678.78 -75.1365 600
erase 3343.78 59.8635 600
erase 3138.78 179.864 600
erase 2868.78 319.864 600
erase 2818.78 -70.1365 600
erase 2783.78 -290.136 600
erase 2673.78 -600.136 600
erase 2998.78 -665.136 600
erase 3258.78 -665.136 600
erase 3528.78 -700.136 600
erase 3803.78 -785.136 600
erase 3793.78 -2390.14 600
erase 3983.78 -2260.14 600
erase 4308.78 -2000.14 600
erase 4483.78 -1860.14 600
erase 4653.78 -1680.14 600
erase 4863.78 -1380.14 600
erase 4933.78 -1135.14 600
erase 4983.78 -650.136 600
erase 4983.78 -295.136 600
erase 4983.78 44.8635 600
erase 4918.78 314.864 600
erase 4818.78 509.864 600
erase 4468.78 639.864 600
erase 4228.78 569.864 600
erase 4098.78 909.864 600
erase 4083.78 1284.86 600
erase 4008.78 1624.86 600
erase 5814.85 -530.136 600
erase 5799.85 -165.136 600
erase 5619.85 339.864 600
erase 5464.85 654.864 600
erase 5149.85 1129.86 600
erase 4959.85 1349.86 600
erase 4774.85 1509.86 600
erase 4504.85 1659.86 600
erase 4269.85 1754.86 600
erase 4009.85 1829.86 600
erase 3794.85 1869.86 600
erase 3549.85 1914.86 600
erase 3239.85 1949.86 600
erase 2954.85 1959.86 600
erase 2689.85 1934.86 600
paint 439.848 -1050.14 600
paint 339.848 -850.136 600
paint 129.848 -615.136 600
paint -30.1521 -425.136 600
paint -265.152 -130.136 600
paint -505.152 149.864 600
paint -120.152 34.8635 600
paint 49.8479 -150.136 600
paint 184.848 -340.136 600
paint 304.848 -530.136 600
paint 469.848 -790.136 600
paint 494.848 -460.136 600
paint 299.848 -100.136 600
paint 79.8479 159.864 600
paint -120.152 369.864 600
paint -245.152 544.864 600
paint -370.152 754.864 600
paint -45.1521 614.864 600
paint 259.848 419.864 600
paint 599.848 144.864 600
paint 944.848 -190.136 600
paint 1249.85 -530.136 600
paint 1404.85 -745.136 600
paint 1439.85 -345.136 600
paint 1374.85 -145.136 600
paint 1259.85 134.864 600
paint 1154.85 324.864 600
paint 1429.85 134.864 600
paint 1629.85 -75.1365 600
paint 1924.85 -335.136 600
paint 1884.85 34.8635 600
paint 1764.85 344.864 600
paint 1629.85 664.864 600
paint 668.998 -61.0188 600
paint 553.577 2.32892 600
erase -236.423 -712.671 85
erase -156.423 -677.671 85
erase -66.4233 -622.671 85
erase -21.4233 -582.671 85
erase 18.5767 -547.671 85
erase 93.577 -452.671 85
erase -41.4233 -647.671 85
erase -201.423 -822.671 85
erase -281.423 -907.671 85
erase -341.423 -972.671 85
erase -356.423 -1002.67 85
erase -351.423 -927.671 85
erase -326.423 -822.671 85
erase -286.423 -732.671 85
erase -296.423 -762.671 85
erase -296.423 -792.671 85
erase -221.423 -902.671 85
erase -101.423 -1012.67 85
erase -46.4233 -1062.67 85
erase 268.577 -1227.67 85
erase 178.577 -1012.67 85
erase 113.577 -882.671 85
erase 138.577 -937.671 85
erase 273.577 -1262.67 85
erase 303.577 -1382.67 85
erase 283.577 -1412.67 85
erase 163.577 -1242.67 85
erase -286.423 -552.671 85
erase -351.423 -472.671 85
erase -201.423 -652.671 85
erase 78.5767 -1107.67 85
erase 288.577 -1472.67 85
erase 353.577 -1567.67 85
erase 378.577 -1357.67 85
erase 393.577 -1222.67 85
erase 413.577 -1192.67 85
erase 468.577 -1147.67 85
erase 668.577 -907.671 85
erase 1058.58 -357.671 85
erase 1188.58 -152.671 85
erase 1183.58 -122.671 85
erase 1138.58 -32.6711 85
erase 963.577 232.329 85
erase 758.577 477.329 85
erase 848.577 312.329 85
erase 978.577 172.329 85
erase 733.577 352.329 85
erase 228.577 607.329 85
erase 133.577 647.329 85
erase 88.5767 782.329 85
erase 83.5767 817.329 85
erase 243.577 957.329 85
erase 678.577 1172.33 85
erase 1173.58 1167.33 85
erase 1408.58 1017.33 85
erase 1523.58 512.329 85
erase 1438.58 -82.6711 85
erase 1383.58 -347.671 85
erase 1443.58 -112.671 85
erase 1478.58 -432.671 85
erase 1408.58 -817.671 85
erase 1428.58 -772.671 85
erase 1573.58 -577.671 85
erase 1608.58 -577.671 85
erase 1643.58 -652.671 85
erase 1668.58 -767.671 85
erase 1693.58 -747.671 85
erase 1703.58 -717.671 85
erase 1688.58 -822.671 85
erase 1608.58 -967.671 85
erase 1568.58 -887.671 85
erase 1638.58 -1032.67 85
erase 1688.58 -1187.67 85
erase 1688.58 -1222.67 85
erase 1578.58 -1147.67 85
erase 1078.58 -912.671 85
erase 813.577 -807.671 85
erase 1403.58 -902.671 85
erase 2428.58 -1182.67 85
erase 2498.58 -1207.67 85
erase 1873.58 -1127.67 85
erase 1043.58 -1017.67 85
erase 858.577 -987.671 85
erase 1058.58 -1037.67 85
erase 1603.58 -1212.67 85
erase 1138.58 -1247.67 85
erase 808.577 -1257.67 85
erase 1138.58 -1247.67 85
erase 1203.58 -1247.67 85
erase 1018.58 -1182.67 85
erase 978.577 -1162.67 85
erase 1413.58 -1192.67 20000
paint 168.577 -637.671 308
paint 298.577 -587.671 308
paint 393.577 -487.671 308
paint 473.577 -372.671 308
paint 548.577 -252.671 308
paint 668.577 -37.6711 308
paint 718.577 62.3289 308
paint 758.577 207.329 308
paint 788.577 397.329 308
paint 793.577 557.329 308
paint 783.577 682.329 308
paint 768.577 797.329 308
paint 758.577 957.329 308
paint 753.577 1087.33 308
paint 743.577 1227.33 308
paint 738.577 1412.33 308
paint 738.577 1537.33 308
paint 768.577 1672.33 308
paint 868.577 1727.33 308
paint 988.577 1752.33 308
paint 1078.58 1642.33 308
paint 1063.58 1472.33 308
paint 1058.58 1337.33 308
paint 1088.58 1202.33 308
paint 1118.58 1077.33 308
paint 1158.58 922.329 308
paint 1188.58 777.329 308
paint 1218.58 607.329 308
paint 1208.58 482.329 308
paint 1033.58 137.329 308
paint 878.577 -82.6711 308
paint 813.577 -192.671 308
paint 743.577 -327.671 308
paint 668.577 -437.671 308
paint 668.577 -547.671 308
paint 863.577 -542.671 308
paint 1208.58 -447.671 308
paint 1348.58 -377.671 308
paint 1518.58 -217.671 308
paint 1578.58 -82.6711 308
paint 1553.58 52.3289 308
paint 1513.58 162.329 308
paint 1643.58 282.329 308
paint 1803.58 307.329 308
paint 1923.58 297.329 308
paint 2103.58 262.329 308
paint 2208.58 232.329 308
paint 2363.58 202.329 308
paint 2568.58 167.329 308
paint 2683.58 147.329 308
paint 2338.58 302.329 308
paint 2013.58 412.329 308
paint 1818.58 472.329 308
paint 1663.58 537.329 308
paint 1468.58 712.329 308
paint 1393.58 847.329 308
paint 1343.58 967.329 308
paint 1308.58 1087.33 308
paint 261.464 -832.73 600
paint -153.536 -1182.73 600
paint -543.536 -1582.73 600
paint -653.536 -1877.73 600
paint -723.536 -2107.73 600
paint -358.536 -2222.73 600
paint -93.5361 -2137.73 600
paint 81.4639 -2012.73 600
paint 271.464 -1892.73 600
paint 566.464 -1742.73 600
paint 361.464 -1892.73 600
paint -928.536 -2537.73 600
paint -1718.54 -2737.73 600
paint -2118.54 -2157.73 600
paint -1998.54 -1772.73 600
paint -1313.54 -1077.73 600
paint -818.536 -772.73 600
paint -448.536 -542.73 600
paint -268.536 -262.73 600
paint 221.464 437.27 600
paint 646.464 732.27 600
paint 1211.46 1022.27 600
paint 2111.46 1412.27 600
paint 2506.46 1547.27 600
paint 2006.46 382.27 600
paint 1411.46 -397.73 600
paint 1176.46 -837.73 600
paint 1136.46 -1132.73 600
paint 1276.46 -1347.73 600
paint 1126.46 -1857.73 600
paint 361.464 -2347.73 600
paint -778.536 -2607.73 600
paint -1068.54 -2392.73 600
paint -1133.54 -2017.73 600
paint -1158.54 -1387.73 600
paint -1408.54 -487.73 600
paint -1598.54 302.27 600
paint -1278.54 937.27 600
paint -728.536 1372.27 600
paint -433.536 1547.27 600
paint -228.536 1702.27 600
paint -313.536 1467.27 600
paint -723.536 877.27 600
paint -1033.54 382.27 600
paint -888.536 97.27 600
paint -638.536 297.27 600
paint -173.536 727.27 600
paint 21.4639 1112.27 600
paint 196.464 1482.27 600
paint 311.464 1707.27 600
paint 496.464 1937.27 600
paint 601.464 2162.27 600

