# Playtest for sight roadmap W3: an arena five times the radius (100,000), about 80% field.
# One fill stamp over the arena; big bays, clearings and winding roads erased out of it;
# the gate's own clearing is added in play. Cores placed through the solid field. No closing
# rings: at this size a level chooses its own. Generated by a script; edit freely.
arena 100000
start -85000 0 0

enemy rusher 4649 -66637 151 cloak:yes
enemy rusher 3661 -64030 175
enemy rusher 5608 -3657 294
enemy rusher 10241 -3098 25 cloak:yes
enemy rusher 2482 52712 74
enemy rusher 856 45438 92 cloak:yes
enemy rusher 51960 -32625 231
enemy rusher 50962 -26820 184
enemy sniper -52614 -13443 196 cloak:yes
enemy rusher -52185 -13804 226
enemy rusher -34895 63066 260 cloak:yes
enemy sniper -38273 62904 303 cloak:yes
enemy sniper 50527 -4596 110
enemy rusher 33321 24827 193 cloak:yes
enemy rusher -23671 3707 75 shield:yes
enemy rusher -35712 -58678 110 shield:yes
enemy rusher -20523 -37367 186 cloak:yes
enemy rusher -33846 -79508 234
enemy rusher 46174 -73511 76 cloak:yes
enemy rusher 33443 62541 306 shield:yes
enemy rusher 40960 9816 316 shield:yes
enemy rusher 17313 -30140 136
enemy rusher -55779 -58970 77
enemy sniper 33899 -4020 145
enemy rusher 52480 76270 188 shield:yes
enemy rusher -80253 22590 291
enemy rusher -24436 69354 302 cloak:yes
enemy rusher 5748 -22251 262 cloak:yes
enemy rusher 65934 -72399 179 cloak:yes
enemy rusher 63027 -3209 73 cloak:yes
enemy rusher 48232 -47579 12 cloak:yes
enemy rusher 12244 -98071 22 cloak:yes
enemy rusher 34804 29918 13 cloak:yes
enemy rusher 37439 -10570 293 cloak:yes
enemy rusher 8229 30308 348 cloak:yes
enemy rusher -58149 2932 68 cloak:yes
enemy rusher -73323 -66459 45 cloak:yes
enemy rusher 8503 11095 105 cloak:yes
enemy boss 76000 7000 0 gun:heavy:spread=yes

marker gate 85000 5000

scenery Planet1 -40000 -30000 9000 0.25
scenery Planet2 30000 40000 7000 0.25

field 2718281828 90 41
core -46565 -84294
core -28760 -89318
core -14656 -89271
core -5002 -85248
core 9909 -82985
core 25844 -87414
core -59334 -71090
core -45211 -72914
core 26586 -70079
core 64316 -68886
core -75202 -60763
core -44915 -54957
core 29396 -59048
core 43504 -56498
core 55391 -58226
core 71563 -61057
core -75374 -44791
core -54211 -45086
core -45505 -44256
core -31735 -42141
core -4076 -42623
core 15524 -42833
core 25445 -40197
core 36050 -47513
core 85917 -43848
core -86071 -26514
core -75570 -32052
core -61596 -30821
core -47519 -31957
core -30740 -31552
core 26250 -33325
core 38511 -33136
core 79715 -33861
core -84999 -14195
core -31506 -19299
core -13821 -13444
core -3497 -18961
core 22675 -16571
core 40616 -18037
core 64384 -18401
core 80288 -17010
core 92788 -16635
core 68458 -5780
core 78405 -4959
core 94857 878
core -96406 12896
core -88151 11431
core -73101 10643
core -61900 12675
core -41385 13815
core -33238 12242
core -18630 13675
core -2430 15508
core 24537 15320
core 53531 14140
core 71490 12261
core 85757 12768
core 92829 14514
core -71384 25856
core -54946 25142
core -46275 24216
core -32391 26499
core -17144 28009
core -4068 24814
core 9986 29859
core 40945 25207
core 51144 28653
core 67921 22302
core 79356 22790
core -87408 41463
core -69095 40985
core -55597 39011
core -47919 40094
core -29307 37478
core -16887 38538
core 27627 39193
core 43859 42524
core 57391 41542
core 69361 40294
core 84389 38902
core -73153 54643
core 15177 55501
core 28706 55909
core 40888 51670
core 54134 57169
core 65913 57797
core -61129 69510
core -18298 66445
core -3859 68977
core 15178 65339
core 27062 70132
core -32478 82756
core -14829 83522
core -169 78491
core 11878 84677
core 29658 80548
core 42803 83161
core -12279 92827
core -5177 92516
core 9651 94996
paint 0 0 100000
erase -85000 0 4000
erase -3343 -64729 14492
erase 7486 -5374 14596
erase 962 44645 13876
erase 54898 -31843 13118
erase -52689 -13255 15846
erase -39763 62692 15672
erase 49368 -4135 3146
erase 30872 24458 5364
erase -26199 3470 5189
erase -35522 -59228 5084
erase -20186 -37633 3752
erase -33336 -81692 5610
erase 44896 -74181 3499
erase 33424 62487 5191
erase 41931 9555 3580
erase 16949 -30212 3345
erase -56689 -59956 3422
erase 34465 -6025 3874
erase 51354 75327 3803
erase -81281 23275 3757
erase -85000 0 650
erase -84889 460 650
erase -84779 919 650
erase -84668 1379 650
erase -84557 1839 650
erase -84447 2299 650
erase -84336 2758 650
erase -84226 3218 650
erase -84115 3678 650
erase -84004 4137 650
erase -83894 4597 650
erase -83783 5057 650
erase -83672 5516 650
erase -83562 5976 650
erase -83451 6436 650
erase -83341 6896 650
erase -83230 7355 650
erase -83119 7815 650
erase -83009 8275 650
erase -82898 8734 650
erase -82787 9194 650
erase -82677 9654 650
erase -82566 10113 650
erase -82455 10573 650
erase -82345 11033 650
erase -82234 11493 650
erase -82196 11964 650
erase -82158 12435 650
erase -82120 12906 650
erase -82082 13378 650
erase -82043 13849 650
erase -82005 14320 650
erase -81967 14792 650
erase -81929 15263 650
erase -81891 15734 650
erase -81853 16205 650
erase -81815 16677 650
erase -81776 17148 650
erase -81738 17619 650
erase -81700 18091 650
erase -81662 18562 650
erase -81624 19033 650
erase -81586 19504 650
erase -81548 19976 650
erase -81509 20447 650
erase -81471 20918 650
erase -81433 21390 650
erase -81395 21861 650
erase -81357 22332 650
erase -81319 22803 650
erase -81281 23275 650
erase -85000 0 650
erase -84543 -65 650
erase -84085 -130 650
erase -83628 -195 650
erase -83171 -260 650
erase -82714 -325 650
erase -82256 -390 650
erase -81799 -455 650
erase -81342 -520 650
erase -80884 -585 650
erase -80427 -650 650
erase -79970 -715 650
erase -79512 -780 650
erase -79055 -845 650
erase -78598 -910 650
erase -78141 -975 650
erase -77683 -1040 650
erase -77226 -1105 650
erase -76769 -1170 650
erase -76311 -1235 650
erase -75854 -1300 650
erase -75397 -1364 650
erase -74940 -1429 650
erase -74482 -1494 650
erase -74025 -1559 650
erase -73568 -1624 650
erase -73110 -1689 650
erase -72800 -2029 650
erase -72490 -2368 650
erase -72180 -2707 650
erase -71870 -3047 650
erase -71559 -3386 650
erase -71249 -3725 650
erase -70939 -4065 650
erase -70629 -4404 650
erase -70319 -4743 650
erase -70008 -5083 650
erase -69698 -5422 650
erase -69388 -5761 650
erase -69078 -6100 650
erase -68768 -6440 650
erase -68458 -6779 650
erase -68147 -7118 650
erase -67837 -7458 650
erase -67527 -7797 650
erase -67217 -8136 650
erase -66907 -8476 650
erase -66596 -8815 650
erase -66286 -9154 650
erase -65976 -9494 650
erase -65666 -9833 650
erase -65356 -10172 650
erase -65045 -10512 650
erase -64735 -10851 650
erase -64425 -11190 650
erase -63974 -11270 650
erase -63522 -11349 650
erase -63071 -11428 650
erase -62620 -11508 650
erase -62168 -11587 650
erase -61717 -11667 650
erase -61265 -11746 650
erase -60814 -11825 650
erase -60363 -11905 650
erase -59911 -11984 650
erase -59460 -12064 650
erase -59009 -12143 650
erase -58557 -12222 650
erase -58106 -12302 650
erase -57654 -12381 650
erase -57203 -12461 650
erase -56752 -12540 650
erase -56300 -12619 650
erase -55849 -12699 650
erase -55398 -12778 650
erase -54946 -12858 650
erase -54495 -12937 650
erase -54043 -13016 650
erase -53592 -13096 650
erase -53141 -13175 650
erase -52689 -13255 650
erase -52689 -13255 650
erase -52270 -13069 650
erase -51850 -12882 650
erase -51431 -12696 650
erase -51012 -12510 650
erase -50592 -12324 650
erase -50173 -12138 650
erase -49753 -11952 650
erase -49334 -11766 650
erase -48914 -11580 650
erase -48495 -11393 650
erase -48075 -11207 650
erase -47656 -11021 650
erase -47237 -10835 650
erase -46817 -10649 650
erase -46398 -10463 650
erase -45978 -10277 650
erase -45559 -10091 650
erase -45139 -9904 650
erase -44720 -9718 650
erase -44301 -9532 650
erase -43881 -9346 650
erase -43462 -9160 650
erase -43042 -8974 650
erase -42764 -8600 650
erase -42485 -8227 650
erase -42206 -7853 650
erase -41928 -7479 650
erase -41649 -7106 650
erase -41370 -6732 650
erase -41092 -6358 650
erase -40813 -5985 650
erase -40534 -5611 650
erase -40256 -5238 650
erase -39977 -4864 650
erase -39698 -4490 650
erase -39419 -4117 650
erase -39141 -3743 650
erase -38862 -3369 650
erase -38583 -2996 650
erase -38305 -2622 650
erase -38026 -2248 650
erase -37747 -1875 650
erase -37469 -1501 650
erase -37190 -1128 650
erase -36911 -754 650
erase -36633 -380 650
erase -36354 -7 650
erase -35913 144 650
erase -35471 296 650
erase -35030 447 650
erase -34588 598 650
erase -34147 749 650
erase -33705 900 650
erase -33264 1051 650
erase -32822 1203 650
erase -32380 1354 650
erase -31939 1505 650
erase -31497 1656 650
erase -31056 1807 650
erase -30614 1958 650
erase -30173 2110 650
erase -29731 2261 650
erase -29290 2412 650
erase -28848 2563 650
erase -28407 2714 650
erase -27965 2865 650
erase -27524 3017 650
erase -27082 3168 650
erase -26641 3319 650
erase -26199 3470 650
erase -26199 3470 650
erase -25803 3222 650
erase -25407 2973 650
erase -25010 2725 650
erase -24614 2477 650
erase -24217 2228 650
erase -23821 1980 650
erase -23424 1732 650
erase -23028 1483 650
erase -22631 1235 650
erase -22235 987 650
erase -21839 738 650
erase -21442 490 650
erase -21046 242 650
erase -20649 -6 650
erase -20253 -255 650
erase -19856 -503 650
erase -19460 -751 650
erase -19064 -1000 650
erase -18667 -1248 650
erase -18271 -1496 650
erase -17874 -1745 650
erase -17478 -1993 650
erase -17081 -2241 650
erase -16685 -2490 650
erase -16289 -2738 650
erase -15892 -2986 650
erase -15449 -2873 650
erase -15005 -2760 650
erase -14561 -2647 650
erase -14118 -2534 650
erase -13674 -2421 650
erase -13231 -2308 650
erase -12787 -2195 650
erase -12344 -2082 650
erase -11900 -1969 650
erase -11456 -1856 650
erase -11013 -1743 650
erase -10569 -1630 650
erase -10126 -1517 650
erase -9682 -1404 650
erase -9239 -1290 650
erase -8795 -1177 650
erase -8351 -1064 650
erase -7908 -951 650
erase -7464 -838 650
erase -7021 -725 650
erase -6577 -612 650
erase -6134 -499 650
erase -5690 -386 650
erase -5247 -273 650
erase -4803 -160 650
erase -4359 -47 650
erase -3916 66 650
erase -3472 179 650
erase -3029 292 650
erase -2624 74 650
erase -2220 -144 650
erase -1815 -361 650
erase -1411 -579 650
erase -1007 -797 650
erase -602 -1015 650
erase -198 -1233 650
erase 207 -1451 650
erase 611 -1669 650
erase 1015 -1887 650
erase 1420 -2105 650
erase 1824 -2323 650
erase 2229 -2541 650
erase 2633 -2759 650
erase 3037 -2977 650
erase 3442 -3195 650
erase 3846 -3413 650
erase 4251 -3631 650
erase 4655 -3849 650
erase 5060 -4067 650
erase 5464 -4285 650
erase 5868 -4503 650
erase 6273 -4721 650
erase 6677 -4939 650
erase 7082 -5156 650
erase 7486 -5374 650
erase 7486 -5374 650
erase 7709 -5780 650
erase 7932 -6185 650
erase 8155 -6591 650
erase 8379 -6996 650
erase 8602 -7401 650
erase 8825 -7807 650
erase 9048 -8212 650
erase 9271 -8617 650
erase 9495 -9023 650
erase 9718 -9428 650
erase 9941 -9833 650
erase 10164 -10239 650
erase 10387 -10644 650
erase 10610 -11050 650
erase 10834 -11455 650
erase 11057 -11860 650
erase 11280 -12266 650
erase 11503 -12671 650
erase 11726 -13076 650
erase 11949 -13482 650
erase 12173 -13887 650
erase 12396 -14293 650
erase 12619 -14698 650
erase 12842 -15103 650
erase 13065 -15509 650
erase 13288 -15914 650
erase 13512 -16319 650
erase 13735 -16725 650
erase 13958 -17130 650
erase 14061 -17581 650
erase 14164 -18032 650
erase 14267 -18483 650
erase 14371 -18935 650
erase 14474 -19386 650
erase 14577 -19837 650
erase 14680 -20288 650
erase 14783 -20739 650
erase 14886 -21190 650
erase 14990 -21641 650
erase 15093 -22092 650
erase 15196 -22543 650
erase 15299 -22994 650
erase 15402 -23446 650
erase 15505 -23897 650
erase 15608 -24348 650
erase 15712 -24799 650
erase 15815 -25250 650
erase 15918 -25701 650
erase 16021 -26152 650
erase 16124 -26603 650
erase 16227 -27054 650
erase 16331 -27505 650
erase 16434 -27957 650
erase 16537 -28408 650
erase 16640 -28859 650
erase 16743 -29310 650
erase 16846 -29761 650
erase 16949 -30212 650
erase 7486 -5374 650
erase 7951 -5408 650
erase 8415 -5442 650
erase 8880 -5476 650
erase 9344 -5509 650
erase 9809 -5543 650
erase 10274 -5577 650
erase 10738 -5610 650
erase 11203 -5644 650
erase 11667 -5678 650
erase 12132 -5712 650
erase 12597 -5745 650
erase 13061 -5779 650
erase 13526 -5813 650
erase 13990 -5846 650
erase 14455 -5880 650
erase 14920 -5914 650
erase 15384 -5948 650
erase 15849 -5981 650
erase 16314 -6015 650
erase 16778 -6049 650
erase 17243 -6083 650
erase 17707 -6116 650
erase 18172 -6150 650
erase 18637 -6184 650
erase 19101 -6217 650
erase 19566 -6251 650
erase 20030 -6285 650
erase 20495 -6319 650
erase 20960 -6352 650
erase 21425 -6341 650
erase 21891 -6330 650
erase 22357 -6318 650
erase 22822 -6307 650
erase 23288 -6296 650
erase 23754 -6285 650
erase 24219 -6273 650
erase 24685 -6262 650
erase 25151 -6251 650
erase 25617 -6239 650
erase 26082 -6228 650
erase 26548 -6217 650
erase 27014 -6206 650
erase 27479 -6194 650
erase 27945 -6183 650
erase 28411 -6172 650
erase 28876 -6161 650
erase 29342 -6149 650
erase 29808 -6138 650
erase 30274 -6127 650
erase 30739 -6115 650
erase 31205 -6104 650
erase 31671 -6093 650
erase 32136 -6082 650
erase 32602 -6070 650
erase 33068 -6059 650
erase 33533 -6048 650
erase 33999 -6036 650
erase 34465 -6025 650
erase 34465 -6025 650
erase 34940 -6038 650
erase 35414 -6050 650
erase 35889 -6063 650
erase 36364 -6076 650
erase 36839 -6088 650
erase 37314 -6101 650
erase 37788 -6113 650
erase 38263 -6126 650
erase 38738 -6138 650
erase 39213 -6151 650
erase 39688 -6164 650
erase 40162 -6176 650
erase 40637 -6189 650
erase 41112 -6201 650
erase 41587 -6214 650
erase 42062 -6226 650
erase 42518 -6096 650
erase 42975 -5965 650
erase 43432 -5834 650
erase 43888 -5704 650
erase 44345 -5573 650
erase 44801 -5442 650
erase 45258 -5312 650
erase 45715 -5181 650
erase 46171 -5050 650
erase 46628 -4920 650
erase 47085 -4789 650
erase 47541 -4658 650
erase 47998 -4527 650
erase 48454 -4397 650
erase 48911 -4266 650
erase 49368 -4135 650
erase 49368 -4135 650
erase 49068 -3777 650
erase 48768 -3419 650
erase 48467 -3060 650
erase 48167 -2702 650
erase 47867 -2343 650
erase 47567 -1985 650
erase 47267 -1626 650
erase 46967 -1268 650
erase 46667 -909 650
erase 46367 -551 650
erase 46066 -193 650
erase 45766 166 650
erase 45466 524 650
erase 45166 883 650
erase 44866 1241 650
erase 44566 1600 650
erase 44266 1958 650
erase 44128 2405 650
erase 43991 2852 650
erase 43854 3299 650
erase 43716 3746 650
erase 43579 4192 650
erase 43442 4639 650
erase 43304 5086 650
erase 43167 5533 650
erase 43030 5980 650
erase 42892 6427 650
erase 42755 6874 650
erase 42618 7320 650
erase 42480 7767 650
erase 42343 8214 650
erase 42206 8661 650
erase 42068 9108 650
erase 41931 9555 650
erase 41931 9555 650
erase 41563 9832 650
erase 41195 10109 650
erase 40826 10386 650
erase 40458 10663 650
erase 40090 10940 650
erase 39722 11217 650
erase 39353 11494 650
erase 38985 11771 650
erase 38617 12048 650
erase 38249 12325 650
erase 37881 12602 650
erase 37512 12878 650
erase 37144 13155 650
erase 36776 13432 650
erase 36408 13709 650
erase 36039 13986 650
erase 35671 14263 650
erase 35303 14540 650
erase 34935 14817 650
erase 34567 15094 650
erase 34198 15371 650
erase 34040 15804 650
erase 33882 16237 650
erase 33723 16669 650
erase 33565 17102 650
erase 33406 17535 650
erase 33248 17967 650
erase 33090 18400 650
erase 32931 18833 650
erase 32773 19265 650
erase 32615 19698 650
erase 32456 20131 650
erase 32298 20564 650
erase 32139 20996 650
erase 31981 21429 650
erase 31823 21862 650
erase 31664 22294 650
erase 31506 22727 650
erase 31347 23160 650
erase 31189 23592 650
erase 31031 24025 650
erase 30872 24458 650
erase 49368 -4135 650
erase 49342 -4598 650
erase 49317 -5060 650
erase 49292 -5523 650
erase 49266 -5985 650
erase 49241 -6447 650
erase 49216 -6910 650
erase 49190 -7372 650
erase 49165 -7835 650
erase 49139 -8297 650
erase 49114 -8759 650
erase 49089 -9222 650
erase 49063 -9684 650
erase 49038 -10146 650
erase 49013 -10609 650
erase 48987 -11071 650
erase 48962 -11534 650
erase 48937 -11996 650
erase 48911 -12458 650
erase 48886 -12921 650
erase 48860 -13383 650
erase 48835 -13846 650
erase 49029 -14264 650
erase 49223 -14683 650
erase 49417 -15101 650
erase 49611 -15520 650
erase 49806 -15939 650
erase 50000 -16357 650
erase 50194 -16776 650
erase 50388 -17194 650
erase 50582 -17613 650
erase 50776 -18032 650
erase 50970 -18450 650
erase 51164 -18869 650
erase 51358 -19287 650
erase 51552 -19706 650
erase 51746 -20124 650
erase 51941 -20543 650
erase 52135 -20962 650
erase 52329 -21380 650
erase 52523 -21799 650
erase 52717 -22217 650
erase 52911 -22636 650
erase 53010 -23096 650
erase 53110 -23557 650
erase 53209 -24017 650
erase 53308 -24477 650
erase 53408 -24938 650
erase 53507 -25398 650
erase 53607 -25859 650
erase 53706 -26319 650
erase 53805 -26779 650
erase 53905 -27240 650
erase 54004 -27700 650
erase 54103 -28160 650
erase 54203 -28621 650
erase 54302 -29081 650
erase 54401 -29542 650
erase 54501 -30002 650
erase 54600 -30462 650
erase 54699 -30923 650
erase 54799 -31383 650
erase 54898 -31843 650
erase 30872 24458 650
erase 30469 24709 650
erase 30066 24961 650
erase 29663 25213 650
erase 29261 25465 650
erase 28858 25716 650
erase 28455 25968 650
erase 28052 26220 650
erase 27649 26471 650
erase 27246 26723 650
erase 26843 26975 650
erase 26440 27227 650
erase 26037 27478 650
erase 25634 27730 650
erase 25231 27982 650
erase 24828 28233 650
erase 24425 28485 650
erase 24022 28737 650
erase 23619 28989 650
erase 23216 29240 650
erase 22833 29521 650
erase 22449 29801 650
erase 22065 30081 650
erase 21681 30361 650
erase 21298 30641 650
erase 20914 30921 650
erase 20530 31202 650
erase 20146 31482 650
erase 19763 31762 650
erase 19379 32042 650
erase 18995 32322 650
erase 18611 32603 650
erase 18228 32883 650
erase 17844 33163 650
erase 17460 33443 650
erase 17077 33723 650
erase 16693 34004 650
erase 16309 34284 650
erase 15925 34564 650
erase 15564 34877 650
erase 15202 35190 650
erase 14840 35503 650
erase 14479 35816 650
erase 14117 36129 650
erase 13756 36442 650
erase 13394 36755 650
erase 13032 37067 650
erase 12671 37380 650
erase 12309 37693 650
erase 11947 38006 650
erase 11586 38319 650
erase 11224 38632 650
erase 10862 38945 650
erase 10501 39258 650
erase 10139 39571 650
erase 9778 39884 650
erase 9416 40197 650
erase 9054 40510 650
erase 8628 40727 650
erase 8202 40945 650
erase 7776 41163 650
erase 7351 41380 650
erase 6925 41598 650
erase 6499 41816 650
erase 6073 42033 650
erase 5647 42251 650
erase 5221 42469 650
erase 4795 42686 650
erase 4369 42904 650
erase 3943 43122 650
erase 3517 43339 650
erase 3091 43557 650
erase 2665 43775 650
erase 2239 43992 650
erase 1813 44210 650
erase 1387 44428 650
erase 962 44645 650
erase 49368 -4135 650
erase 49842 -4132 650
erase 50316 -4129 650
erase 50789 -4126 650
erase 51263 -4123 650
erase 51737 -4120 650
erase 52211 -4117 650
erase 52685 -4114 650
erase 53159 -4111 650
erase 53633 -4108 650
erase 54107 -4105 650
erase 54581 -4101 650
erase 55054 -4098 650
erase 55528 -4095 650
erase 56002 -4092 650
erase 56476 -4089 650
erase 56950 -4086 650
erase 57424 -4083 650
erase 57898 -4080 650
erase 58372 -4077 650
erase 58846 -4074 650
erase 59236 -3833 650
erase 59626 -3592 650
erase 60017 -3351 650
erase 60407 -3111 650
erase 60797 -2870 650
erase 61188 -2629 650
erase 61578 -2388 650
erase 61968 -2147 650
erase 62359 -1907 650
erase 62749 -1666 650
erase 63139 -1425 650
erase 63530 -1184 650
erase 63920 -943 650
erase 64310 -703 650
erase 64701 -462 650
erase 65091 -221 650
erase 65481 20 650
erase 65872 261 650
erase 66262 501 650
erase 66652 742 650
erase 67043 983 650
erase 67470 1170 650
erase 67896 1356 650
erase 68323 1543 650
erase 68750 1730 650
erase 69177 1916 650
erase 69604 2103 650
erase 70030 2290 650
erase 70457 2476 650
erase 70884 2663 650
erase 71311 2850 650
erase 71738 3036 650
erase 72165 3223 650
erase 72591 3410 650
erase 73018 3596 650
erase 73445 3783 650
erase 73872 3969 650
erase 74299 4156 650
erase 74726 4343 650
erase 75152 4529 650
erase 75579 4716 650
erase 76050 4730 650
erase 76521 4745 650
erase 76992 4759 650
erase 77463 4773 650
erase 77934 4787 650
erase 78405 4801 650
erase 78876 4815 650
erase 79348 4830 650
erase 79819 4844 650
erase 80290 4858 650
erase 80761 4872 650
erase 81232 4886 650
erase 81703 4901 650
erase 82174 4915 650
erase 82645 4929 650
erase 83116 4943 650
erase 83587 4957 650
erase 84058 4972 650
erase 84529 4986 650
erase 85000 5000 650
erase 962 44645 650
erase 1414 44738 650
erase 1866 44830 650
erase 2319 44922 650
erase 2771 45015 650
erase 3224 45107 650
erase 3676 45199 650
erase 4129 45291 650
erase 4581 45384 650
erase 5034 45476 650
erase 5486 45568 650
erase 5939 45661 650
erase 6391 45753 650
erase 6844 45845 650
erase 7296 45938 650
erase 7748 46030 650
erase 8201 46122 650
erase 8653 46215 650
erase 9106 46307 650
erase 9558 46399 650
erase 10011 46492 650
erase 10463 46584 650
erase 10843 46854 650
erase 11223 47124 650
erase 11603 47395 650
erase 11983 47665 650
erase 12362 47935 650
erase 12742 48205 650
erase 13122 48476 650
erase 13502 48746 650
erase 13882 49016 650
erase 14262 49286 650
erase 14641 49556 650
erase 15021 49827 650
erase 15401 50097 650
erase 15781 50367 650
erase 16161 50637 650
erase 16541 50908 650
erase 16920 51178 650
erase 17300 51448 650
erase 17680 51718 650
erase 18060 51989 650
erase 18343 52348 650
erase 18626 52707 650
erase 18908 53067 650
erase 19191 53426 650
erase 19474 53785 650
erase 19757 54145 650
erase 20040 54504 650
erase 20323 54863 650
erase 20605 55223 650
erase 20888 55582 650
erase 21171 55941 650
erase 21454 56301 650
erase 21737 56660 650
erase 22020 57019 650
erase 22302 57379 650
erase 22585 57738 650
erase 22868 58097 650
erase 23151 58457 650
erase 23434 58816 650
erase 23717 59175 650
erase 23999 59535 650
erase 24282 59894 650
erase 24739 60024 650
erase 25196 60153 650
erase 25654 60283 650
erase 26111 60413 650
erase 26568 60542 650
erase 27025 60672 650
erase 27482 60802 650
erase 27939 60931 650
erase 28396 61061 650
erase 28853 61191 650
erase 29310 61320 650
erase 29768 61450 650
erase 30225 61579 650
erase 30682 61709 650
erase 31139 61839 650
erase 31596 61968 650
erase 32053 62098 650
erase 32510 62228 650
erase 32967 62357 650
erase 33424 62487 650
erase 33424 62487 650
erase 33742 62833 650
erase 34059 63179 650
erase 34376 63525 650
erase 34694 63871 650
erase 35011 64217 650
erase 35328 64563 650
erase 35646 64909 650
erase 35963 65255 650
erase 36280 65601 650
erase 36598 65947 650
erase 36915 66293 650
erase 37233 66638 650
erase 37550 66984 650
erase 37867 67330 650
erase 38185 67676 650
erase 38502 68022 650
erase 38819 68368 650
erase 39137 68714 650
erase 39454 69060 650
erase 39771 69406 650
erase 40089 69752 650
erase 40406 70098 650
erase 40723 70444 650
erase 41041 70790 650
erase 41470 70979 650
erase 41900 71168 650
erase 42330 71357 650
erase 42760 71546 650
erase 43189 71735 650
erase 43619 71924 650
erase 44049 72113 650
erase 44479 72302 650
erase 44908 72491 650
erase 45338 72680 650
erase 45768 72869 650
erase 46197 73058 650
erase 46627 73247 650
erase 47057 73436 650
erase 47487 73625 650
erase 47916 73814 650
erase 48346 74003 650
erase 48776 74192 650
erase 49206 74381 650
erase 49635 74571 650
erase 50065 74760 650
erase 50495 74949 650
erase 50924 75138 650
erase 51354 75327 650
erase 16949 -30212 650
erase 16496 -30359 650
erase 16043 -30507 650
erase 15590 -30654 650
erase 15136 -30802 650
erase 14683 -30949 650
erase 14230 -31097 650
erase 13777 -31244 650
erase 13323 -31392 650
erase 12870 -31539 650
erase 12417 -31686 650
erase 11964 -31834 650
erase 11510 -31981 650
erase 11057 -32129 650
erase 10604 -32276 650
erase 10150 -32424 650
erase 9697 -32571 650
erase 9244 -32719 650
erase 8791 -32866 650
erase 8337 -33013 650
erase 7884 -33161 650
erase 7423 -33051 650
erase 6963 -32942 650
erase 6502 -32832 650
erase 6041 -32723 650
erase 5580 -32613 650
erase 5120 -32504 650
erase 4659 -32394 650
erase 4198 -32285 650
erase 3738 -32175 650
erase 3277 -32066 650
erase 2816 -31956 650
erase 2355 -31847 650
erase 1895 -31737 650
erase 1434 -31627 650
erase 973 -31518 650
erase 512 -31408 650
erase 52 -31299 650
erase -409 -31189 650
erase -870 -31080 650
erase -1331 -30970 650
erase -1791 -30861 650
erase -2252 -30751 650
erase -2615 -31034 650
erase -2978 -31318 650
erase -3342 -31601 650
erase -3705 -31884 650
erase -4068 -32167 650
erase -4431 -32451 650
erase -4794 -32734 650
erase -5157 -33017 650
erase -5520 -33300 650
erase -5884 -33584 650
erase -6247 -33867 650
erase -6610 -34150 650
erase -6973 -34433 650
erase -7336 -34717 650
erase -7699 -35000 650
erase -8063 -35283 650
erase -8426 -35566 650
erase -8789 -35850 650
erase -9152 -36133 650
erase -9515 -36416 650
erase -9878 -36699 650
erase -10242 -36983 650
erase -10605 -37266 650
erase -11061 -37283 650
erase -11517 -37301 650
erase -11974 -37318 650
erase -12430 -37336 650
erase -12886 -37353 650
erase -13342 -37371 650
erase -13798 -37388 650
erase -14255 -37406 650
erase -14711 -37423 650
erase -15167 -37441 650
erase -15623 -37458 650
erase -16080 -37476 650
erase -16536 -37493 650
erase -16992 -37511 650
erase -17448 -37528 650
erase -17905 -37546 650
erase -18361 -37563 650
erase -18817 -37581 650
erase -19273 -37598 650
erase -19730 -37616 650
erase -20186 -37633 650
erase -20186 -37633 650
erase -20318 -38081 650
erase -20449 -38529 650
erase -20581 -38977 650
erase -20712 -39425 650
erase -20844 -39873 650
erase -20975 -40321 650
erase -21107 -40769 650
erase -21238 -41217 650
erase -21370 -41665 650
erase -21502 -42113 650
erase -21633 -42561 650
erase -21765 -43009 650
erase -21896 -43457 650
erase -22028 -43905 650
erase -22159 -44353 650
erase -22291 -44801 650
erase -22422 -45249 650
erase -22554 -45697 650
erase -22686 -46145 650
erase -22817 -46593 650
erase -22949 -47041 650
erase -23080 -47489 650
erase -23212 -47937 650
erase -23343 -48385 650
erase -23475 -48833 650
erase -23606 -49281 650
erase -23738 -49729 650
erase -23870 -50177 650
erase -24001 -50625 650
erase -24133 -51073 650
erase -24512 -51345 650
erase -24892 -51617 650
erase -25272 -51889 650
erase -25651 -52161 650
erase -26031 -52432 650
erase -26411 -52704 650
erase -26790 -52976 650
erase -27170 -53248 650
erase -27550 -53520 650
erase -27929 -53792 650
erase -28309 -54063 650
erase -28688 -54335 650
erase -29068 -54607 650
erase -29448 -54879 650
erase -29827 -55151 650
erase -30207 -55422 650
erase -30587 -55694 650
erase -30966 -55966 650
erase -31346 -56238 650
erase -31726 -56510 650
erase -32105 -56782 650
erase -32485 -57053 650
erase -32865 -57325 650
erase -33244 -57597 650
erase -33624 -57869 650
erase -34004 -58141 650
erase -34383 -58412 650
erase -34763 -58684 650
erase -35142 -58956 650
erase -35522 -59228 650
erase -35522 -59228 650
erase -35958 -59401 650
erase -36393 -59575 650
erase -36829 -59748 650
erase -37264 -59921 650
erase -37700 -60095 650
erase -38135 -60268 650
erase -38571 -60442 650
erase -39006 -60615 650
erase -39442 -60788 650
erase -39877 -60962 650
erase -40313 -61135 650
erase -40749 -61309 650
erase -41184 -61482 650
erase -41620 -61655 650
erase -42055 -61829 650
erase -42491 -62002 650
erase -42926 -62176 650
erase -43362 -62349 650
erase -43797 -62522 650
erase -44233 -62696 650
erase -44668 -62869 650
erase -45104 -63043 650
erase -45539 -63216 650
erase -45975 -63389 650
erase -46421 -63246 650
erase -46868 -63103 650
erase -47314 -62960 650
erase -47761 -62817 650
erase -48207 -62674 650
erase -48654 -62531 650
erase -49100 -62388 650
erase -49546 -62245 650
erase -49993 -62102 650
erase -50439 -61959 650
erase -50886 -61816 650
erase -51332 -61673 650
erase -51779 -61530 650
erase -52225 -61387 650
erase -52671 -61244 650
erase -53118 -61101 650
erase -53564 -60957 650
erase -54011 -60814 650
erase -54457 -60671 650
erase -54903 -60528 650
erase -55350 -60385 650
erase -55796 -60242 650
erase -56243 -60099 650
erase -56689 -59956 650
erase -35522 -59228 650
erase -35413 -59671 650
erase -35304 -60114 650
erase -35196 -60557 650
erase -35087 -61000 650
erase -34978 -61443 650
erase -34869 -61886 650
erase -34760 -62329 650
erase -34651 -62771 650
erase -34543 -63214 650
erase -34434 -63657 650
erase -34325 -64100 650
erase -34216 -64543 650
erase -34107 -64986 650
erase -33999 -65429 650
erase -33890 -65872 650
erase -33781 -66315 650
erase -33672 -66758 650
erase -33563 -67201 650
erase -33454 -67644 650
erase -33346 -68087 650
erase -33237 -68530 650
erase -33128 -68973 650
erase -33019 -69416 650
erase -32910 -69859 650
erase -32801 -70302 650
erase -32823 -70757 650
erase -32844 -71213 650
erase -32866 -71668 650
erase -32887 -72124 650
erase -32908 -72580 650
erase -32930 -73035 650
erase -32951 -73491 650
erase -32972 -73947 650
erase -32994 -74402 650
erase -33015 -74858 650
erase -33037 -75313 650
erase -33058 -75769 650
erase -33079 -76225 650
erase -33101 -76680 650
erase -33122 -77136 650
erase -33143 -77592 650
erase -33165 -78047 650
erase -33186 -78503 650
erase -33208 -78958 650
erase -33229 -79414 650
erase -33250 -79870 650
erase -33272 -80325 650
erase -33293 -80781 650
erase -33314 -81237 650
erase -33336 -81692 650
erase -20186 -37633 650
erase -20074 -38085 650
erase -19963 -38538 650
erase -19851 -38990 650
erase -19739 -39442 650
erase -19627 -39895 650
erase -19516 -40347 650
erase -19404 -40799 650
erase -19292 -41252 650
erase -19181 -41704 650
erase -19069 -42156 650
erase -18957 -42609 650
erase -18846 -43061 650
erase -18734 -43513 650
erase -18622 -43965 650
erase -18511 -44418 650
erase -18399 -44870 650
erase -18287 -45322 650
erase -18175 -45775 650
erase -18064 -46227 650
erase -17952 -46679 650
erase -17840 -47132 650
erase -17729 -47584 650
erase -17617 -48036 650
erase -17505 -48489 650
erase -17091 -48713 650
erase -16677 -48937 650
erase -16262 -49161 650
erase -15848 -49385 650
erase -15434 -49609 650
erase -15019 -49833 650
erase -14605 -50057 650
erase -14191 -50281 650
erase -13776 -50505 650
erase -13362 -50729 650
erase -12948 -50953 650
erase -12533 -51177 650
erase -12119 -51401 650
erase -11705 -51625 650
erase -11291 -51849 650
erase -10876 -52074 650
erase -10462 -52298 650
erase -10048 -52522 650
erase -9633 -52746 650
erase -9219 -52970 650
erase -8805 -53194 650
erase -8390 -53418 650
erase -7976 -53642 650
erase -7562 -53866 650
erase -7147 -54090 650
erase -6733 -54314 650
erase -6592 -54748 650
erase -6451 -55182 650
erase -6309 -55616 650
erase -6168 -56050 650
erase -6027 -56484 650
erase -5886 -56918 650
erase -5744 -57352 650
erase -5603 -57786 650
erase -5462 -58220 650
erase -5321 -58654 650
erase -5179 -59087 650
erase -5038 -59521 650
erase -4897 -59955 650
erase -4756 -60389 650
erase -4614 -60823 650
erase -4473 -61257 650
erase -4332 -61691 650
erase -4191 -62125 650
erase -4049 -62559 650
erase -3908 -62993 650
erase -3767 -63427 650
erase -3626 -63861 650
erase -3484 -64295 650
erase -3343 -64729 650
erase 54898 -31843 650
erase 54705 -32263 650
erase 54511 -32683 650
erase 54318 -33103 650
erase 54125 -33523 650
erase 53931 -33943 650
erase 53738 -34363 650
erase 53545 -34783 650
erase 53351 -35203 650
erase 53158 -35623 650
erase 52965 -36043 650
erase 52771 -36463 650
erase 52578 -36883 650
erase 52385 -37303 650
erase 52191 -37723 650
erase 51998 -38143 650
erase 51805 -38563 650
erase 51611 -38983 650
erase 51418 -39403 650
erase 51225 -39823 650
erase 51031 -40242 650
erase 50838 -40662 650
erase 50645 -41082 650
erase 50451 -41502 650
erase 50258 -41922 650
erase 50288 -42376 650
erase 50318 -42830 650
erase 50348 -43285 650
erase 50378 -43739 650
erase 50408 -44193 650
erase 50438 -44647 650
erase 50468 -45101 650
erase 50498 -45555 650
erase 50528 -46009 650
erase 50558 -46463 650
erase 50588 -46917 650
erase 50618 -47371 650
erase 50648 -47825 650
erase 50678 -48280 650
erase 50708 -48734 650
erase 50738 -49188 650
erase 50768 -49642 650
erase 50798 -50096 650
erase 50828 -50550 650
erase 50858 -51004 650
erase 50888 -51458 650
erase 50918 -51912 650
erase 50948 -52366 650
erase 50978 -52820 650
erase 51008 -53275 650
erase 51001 -53739 650
erase 50994 -54203 650
erase 50987 -54667 650
erase 50980 -55131 650
erase 50973 -55595 650
erase 50967 -56059 650
erase 50960 -56523 650
erase 50953 -56987 650
erase 50946 -57451 650
erase 50939 -57915 650
erase 50932 -58379 650
erase 50925 -58843 650
erase 50919 -59307 650
erase 50912 -59771 650
erase 50905 -60235 650
erase 50898 -60699 650
erase 50891 -61163 650
erase 50884 -61627 650
erase 50877 -62091 650
erase 50870 -62555 650
erase 50864 -63019 650
erase 50857 -63483 650
erase 50850 -63947 650
erase 50843 -64411 650
erase 50605 -64802 650
erase 50367 -65192 650
erase 50129 -65583 650
erase 49892 -65974 650
erase 49654 -66365 650
erase 49416 -66756 650
erase 49178 -67146 650
erase 48940 -67537 650
erase 48702 -67928 650
erase 48464 -68319 650
erase 48226 -68710 650
erase 47989 -69101 650
erase 47751 -69491 650
erase 47513 -69882 650
erase 47275 -70273 650
erase 47037 -70664 650
erase 46799 -71055 650
erase 46561 -71445 650
erase 46323 -71836 650
erase 46085 -72227 650
erase 45848 -72618 650
erase 45610 -73009 650
erase 45372 -73399 650
erase 45134 -73790 650
erase 44896 -74181 650
erase 962 44645 650
erase 509 44768 650
erase 56 44892 650
erase -397 45015 650
erase -850 45138 650
erase -1303 45261 650
erase -1756 45384 650
erase -2209 45507 650
erase -2662 45630 650
erase -3115 45753 650
erase -3568 45876 650
erase -4021 45999 650
erase -4474 46122 650
erase -4927 46246 650
erase -5380 46369 650
erase -5833 46492 650
erase -6286 46615 650
erase -6739 46738 650
erase -7192 46861 650
erase -7645 46984 650
erase -8098 47107 650
erase -8551 47230 650
erase -9004 47353 650
erase -9457 47477 650
erase -9910 47600 650
erase -10229 47936 650
erase -10549 48273 650
erase -10868 48609 650
erase -11187 48945 650
erase -11507 49282 650
erase -11826 49618 650
erase -12145 49955 650
erase -12465 50291 650
erase -12784 50628 650
erase -13104 50964 650
erase -13423 51300 650
erase -13742 51637 650
erase -14062 51973 650
erase -14381 52310 650
erase -14701 52646 650
erase -15020 52983 650
erase -15339 53319 650
erase -15659 53655 650
erase -15978 53992 650
erase -16298 54328 650
erase -16617 54665 650
erase -16936 55001 650
erase -17256 55338 650
erase -17575 55674 650
erase -17895 56011 650
erase -18214 56347 650
erase -18660 56487 650
erase -19105 56626 650
erase -19551 56766 650
erase -19996 56906 650
erase -20442 57046 650
erase -20887 57186 650
erase -21333 57325 650
erase -21779 57465 650
erase -22224 57605 650
erase -22670 57745 650
erase -23115 57884 650
erase -23561 58024 650
erase -24006 58164 650
erase -24452 58304 650
erase -24898 58443 650
erase -25343 58583 650
erase -25789 58723 650
erase -26234 58863 650
erase -26680 59003 650
erase -27126 59142 650
erase -27571 59282 650
erase -28017 59422 650
erase -28462 59562 650
erase -28908 59701 650
erase -29360 59826 650
erase -29812 59951 650
erase -30265 60075 650
erase -30717 60200 650
erase -31169 60324 650
erase -31622 60449 650
erase -32074 60574 650
erase -32526 60698 650
erase -32979 60823 650
erase -33431 60947 650
erase -33883 61072 650
erase -34335 61197 650
erase -34788 61321 650
erase -35240 61446 650
erase -35692 61570 650
erase -36145 61695 650
erase -36597 61820 650
erase -37049 61944 650
erase -37502 62069 650
erase -37954 62193 650
erase -38406 62318 650
erase -38859 62443 650
erase -39311 62567 650
erase -39763 62692 650
